"little_n" "big_n" "statistic" "mean" "median" "sd"
100 101 "simpson" 0.9849012 0.9848 0.000160575042719416
100 101 "shannon" 4.30391002887203 4.29835092583997 0.00788068529920228
100 101 "unique" 80.345 80 0.475606140836299
100 102 "simpson" 0.9871184 0.987 0.000158766012252784
100 102 "shannon" 4.42170994609725 4.41448695616721 0.00915322163868692
100 102 "unique" 87.478 87 0.598225604495392
100 104 "simpson" 0.98576 0.9858 0.000265160913994313
100 104 "shannon" 4.34169816059244 4.33993975667357 0.0144774756074883
100 104 "unique" 82.325 82 0.907854172870947
100 108 "simpson" 0.9850378 0.985 0.000451503062021748
100 108 "shannon" 4.31942896020191 4.31744635088882 0.0206501101679122
100 108 "unique" 81.623 82 1.1951147640705
100 116 "simpson" 0.9859934 0.986 0.0004619630394846
100 116 "shannon" 4.34944425424315 4.34687122847917 0.0265436402703499
100 116 "unique" 82.515 82 1.72532656379937
100 132 "simpson" 0.9851246 0.9852 0.000756337812678228
100 132 "shannon" 4.31432080674897 4.31561185018708 0.0377049370841497
100 132 "unique" 80.944 81 2.24987242436676
100 164 "simpson" 0.984829 0.9848 0.00104363219966048
100 164 "shannon" 4.30473033404912 4.30358340727762 0.0467031446925189
100 164 "unique" 80.461 80 2.73238813951184
100 228 "simpson" 0.9859268 0.986 0.0009041345138967
100 228 "shannon" 4.35308546904243 4.35380270028477 0.0463738768730949
100 228 "unique" 83.005 83 2.88431868806036
100 356 "simpson" 0.9840126 0.9842 0.00128605411051603
100 356 "shannon" 4.25746979294308 4.25946786105186 0.057273069131237
100 356 "unique" 77.438 78 3.30349346435997
100 612 "simpson" 0.9844412 0.9846 0.00133419737769291
100 612 "shannon" 4.28157070712508 4.28414187488356 0.0606067887055231
100 612 "unique" 78.987 79 3.48381514549323
100 1124 "simpson" 0.9852404 0.9854 0.00119067440786537
100 1124 "shannon" 4.31979715215688 4.32084433162472 0.0575281382790548
100 1124 "unique" 81.133 81 3.42359928029435
100 2148 "simpson" 0.9854002 0.9856 0.00120760020630101
100 2148 "shannon" 4.32896066415212 4.33130929450001 0.0583410484701936
100 2148 "unique" 81.715 82 3.47560855892243
100 4196 "simpson" 0.9852246 0.9854 0.0012192626630228
100 4196 "shannon" 4.31971667598853 4.32607681306237 0.057795955061869
100 4196 "unique" 81.154 81 3.43191813160833
150 151 "simpson" 0.989472355555556 0.989422222222222 6.70196564479603e-05
150 151 "shannon" 4.64987777404591 4.64548743877883 0.00523426831149217
150 151 "unique" 113.426 113 0.494741112874977
150 152 "simpson" 0.988224711111111 0.988177777777778 0.000123461039633225
150 152 "shannon" 4.5839876103811 4.58305902241717 0.00811931025251399
150 152 "unique" 109.884 110 0.680446182300267
150 154 "simpson" 0.988100088888889 0.988088888888889 0.000178977687899505
150 154 "shannon" 4.57463530960692 4.57562090404003 0.0115857865040134
150 154 "unique" 108.851 109 0.976602658583699
150 158 "simpson" 0.986550933333333 0.986488888888889 0.000341170418615812
150 158 "shannon" 4.49485627282624 4.49470856286344 0.0183445223797584
150 158 "unique" 103.972 104 1.37953583466293
150 166 "simpson" 0.989458844444444 0.989422222222222 0.000257081367654347
150 166 "shannon" 4.65763148816724 4.6569947216769 0.0193633147617989
150 166 "unique" 114.785 115 1.79944797452247
150 182 "simpson" 0.988268622222222 0.988266666666667 0.000475186515950309
150 182 "shannon" 4.59363777346882 4.59410482885496 0.0291925295370229
150 182 "unique" 110.82 111 2.42021847308408
150 214 "simpson" 0.989571911111111 0.9896 0.000497551341160059
150 214 "shannon" 4.68248376804966 4.68245528840869 0.0332955009253662
150 214 "unique" 118.016 118 2.9213487087779
150 278 "simpson" 0.988723555555556 0.988711111111111 0.000662803622482041
150 278 "shannon" 4.61494889660034 4.61531555062078 0.0432561771988929
150 278 "unique" 111.874 112 3.6487583418798
150 406 "simpson" 0.987977244444444 0.988 0.000806456791929121
150 406 "shannon" 4.56407659571557 4.56350212090805 0.0502148817934112
150 406 "unique" 107.737 108 4.08368797871575
150 662 "simpson" 0.988258933333333 0.988355555555556 0.000929451252482806
150 662 "shannon" 4.5875421605464 4.5888126638662 0.0570608787827668
150 662 "unique" 109.881 110 4.62733738247508
150 1174 "simpson" 0.989156 0.989244444444444 0.000731457207860367
150 1174 "shannon" 4.64678835131355 4.64775275926943 0.0490475277812129
150 1174 "unique" 114.614 114.5 4.21197634665067
150 2198 "simpson" 0.988640444444444 0.988711111111111 0.00084627458575906
150 2198 "shannon" 4.61078738129632 4.61078490963957 0.0547241197029636
150 2198 "unique" 111.639 112 4.56086400591823
150 4246 "simpson" 0.9886392 0.988711111111111 0.00088834826847521
150 4246 "shannon" 4.61428262765811 4.61653855108861 0.0547180432374299
150 4246 "unique" 112.102 112 4.4606606566173
200 201 "simpson" 0.990446 0.99045 5.74656619409059e-05
200 201 "shannon" 4.80270852373637 4.80521963299248 0.0046006439646011
200 201 "unique" 138.504 139 0.50023417939424
200 202 "simpson" 0.9903929 0.9904 7.9062259269782e-05
200 202 "shannon" 4.79724698843698 4.79785252851501 0.00653698853750378
200 202 "unique" 138.011 138 0.705249159075264
200 204 "simpson" 0.98967615 0.98965 0.000145498616307326
200 204 "shannon" 4.7588454059795 4.75838881087134 0.00975512802853199
200 204 "unique" 135.128 135 0.989239402063327
200 208 "simpson" 0.98937315 0.98935 0.000247977963881018
200 208 "shannon" 4.76988651012856 4.77012664129261 0.0136449563194084
200 208 "unique" 138.022 138 1.35031083063839
200 216 "simpson" 0.99084525 0.99085 0.000216983915347465
200 216 "shannon" 4.85427286891292 4.85431107863733 0.0172662409645747
200 216 "unique" 145.335 145 1.87143722237142
200 232 "simpson" 0.9909237 0.9909 0.000308664192260104
200 232 "shannon" 4.85965742894421 4.86009075458172 0.0230326123529939
200 232 "unique" 145.376 145 2.48168950168686
200 264 "simpson" 0.9902257 0.99025 0.000447369701309387
200 264 "shannon" 4.79681313112524 4.79693052323919 0.0313483426623163
200 264 "unique" 138.58 139 3.19872346910948
200 328 "simpson" 0.99046715 0.9905 0.00046222508535294
200 328 "shannon" 4.80534157585724 4.80740024103943 0.0368290697150017
200 328 "unique" 138.641 139 3.94025946412729
200 456 "simpson" 0.9906625 0.9907 0.000671527884528789
200 456 "shannon" 4.85460872293354 4.85262786144843 0.0460667201386882
200 456 "unique" 146.046 146 4.70616957110897
200 712 "simpson" 0.99056785 0.9906 0.000565507450150907
200 712 "shannon" 4.80849564735126 4.80740024103943 0.0468152432911166
200 712 "unique" 138.428 138 5.08868457567482
200 1224 "simpson" 0.9901539 0.9902 0.000696300671136134
200 1224 "shannon" 4.7844902845517 4.78307233455294 0.0508921712027112
200 1224 "unique" 136.765 136 5.17963353950871
200 2248 "simpson" 0.99021955 0.9903 0.00070880371062813
200 2248 "shannon" 4.78976458321735 4.79041766887064 0.0524668063898436
200 2248 "unique" 137.256 137 5.38492910459009
200 4296 "simpson" 0.9902606 0.9903 0.000732665980812158
200 4296 "shannon" 4.79677052967024 4.79523628779618 0.0531604535244618
200 4296 "unique" 138.293 138 5.43108162778351
250 251 "simpson" 0.989938368 0.98992 6.21021839974747e-05
250 251 "shannon" 4.81531621603815 4.81579061410758 0.00387924232331736
250 251 "unique" 146.685 147 0.464748309293309
250 252 "simpson" 0.990299552 0.990272 7.83423309381108e-05
250 252 "shannon" 4.85079871122897 4.85064575317945 0.00574343152424877
250 252 "unique" 153.205 153 0.685160159703153
250 254 "simpson" 0.991414112 0.991392 9.19117142654795e-05
250 254 "shannon" 4.93150738017765 4.93131790375267 0.00805316832107677
250 254 "unique" 161.301 161 1.01854623676907
250 258 "simpson" 0.99263888 0.99264 8.64537555682358e-05
250 258 "shannon" 5.04339434869428 5.04334815494608 0.00964593896106238
250 258 "unique" 174.17 174 1.3685660279917
250 266 "simpson" 0.991643456 0.991648 0.000168709000325381
250 266 "shannon" 4.95791341938086 4.95780061482766 0.0151818611297637
250 266 "unique" 164.872 165 1.93632780421223
250 282 "simpson" 0.99109792 0.991104 0.00024885710650785
250 282 "shannon" 4.90746938702592 4.90775557488926 0.0195212095480713
250 282 "unique" 157.81 158 2.51758579560623
250 314 "simpson" 0.992343936 0.992352 0.000252135995971352
250 314 "shannon" 5.0142665051239 5.01527376158618 0.0244582444010588
250 314 "unique" 169.661 170 3.37156439156166
250 378 "simpson" 0.991521632 0.99152 0.000361495227320328
250 378 "shannon" 4.93614694450886 4.93631789519977 0.0324787368539302
250 378 "unique" 161.02 161 4.14931522263817
250 506 "simpson" 0.991237568 0.991264 0.000477718943276026
250 506 "shannon" 4.91829941278814 4.92065245707754 0.0408203639009008
250 506 "unique" 159.831 160 5.02689851784464
250 762 "simpson" 0.991252224 0.991296 0.000561404742684909
250 762 "shannon" 4.92820277777928 4.92743677788114 0.0450245918569856
250 762 "unique" 161.497 161 5.43779004381013
250 1274 "simpson" 0.991126592 0.991168 0.00058310076662618
250 1274 "shannon" 4.91424978533126 4.91371608114799 0.0474365655606061
250 1274 "unique" 159.776 160 5.72910522216573
250 2298 "simpson" 0.991382464 0.991424 0.000601348322113323
250 2298 "shannon" 4.94144176135297 4.94207336469199 0.0496039214987051
250 2298 "unique" 163.237 163 6.01556464664939
250 4346 "simpson" 0.991265504 0.991296 0.000627731695125447
250 4346 "shannon" 4.92584034701118 4.92712788581427 0.0498598880168994
250 4346 "unique" 160.972 161 5.86921320652638
300 301 "simpson" 0.99298 0.992977777777778 2.70845542561022e-05
300 301 "shannon" 5.11761678916768 5.11877176359753 0.00307835905949345
300 301 "unique" 192.589 193 0.492261435947735
300 302 "simpson" 0.992213933333333 0.9922 4.36582164893056e-05
300 302 "shannon" 5.03188090841294 5.03160730794028 0.00444372634221106
300 302 "unique" 180.274 180 0.67777827007318
300 304 "simpson" 0.992165644444444 0.992155555555556 6.593182669396e-05
300 304 "shannon" 5.03521184506058 5.03538605067996 0.0063291618425419
300 304 "unique" 181.48 182 0.953157126872853
300 308 "simpson" 0.992515022222222 0.992511111111111 8.89195364805592e-05
300 308 "shannon" 5.0891097637682 5.08889992298675 0.00897605385384806
300 308 "unique" 191.607 192 1.35217579455461
300 316 "simpson" 0.992415755555556 0.9924 0.000129859311274454
300 316 "shannon" 5.07863126272796 5.07804785820775 0.0129797390349516
300 316 "unique" 190.164 190 1.91905882838092
300 332 "simpson" 0.991565822222222 0.991555555555556 0.000220734152398696
300 332 "shannon" 4.99673212949284 4.99602135507153 0.0188581183798729
300 332 "unique" 179.083 179 2.61245783428861
300 364 "simpson" 0.991902466666667 0.991888888888889 0.000254627270532343
300 364 "shannon" 5.01820569952742 5.01828085267618 0.0235301980522267
300 364 "unique" 180.326 180 3.41253122613838
300 428 "simpson" 0.992290733333333 0.992288888888889 0.000295481120043531
300 428 "shannon" 5.04390466548298 5.04416906924687 0.0290545152678721
300 428 "unique" 182.128 182 4.26987679539443
300 556 "simpson" 0.991705155555556 0.991711111111111 0.000484128743614215
300 556 "shannon" 5.02165350354836 5.02111250328944 0.037685362662768
300 556 "unique" 182.651 183 5.04764080315524
300 812 "simpson" 0.991796044444444 0.991822222222222 0.00051021053676778
300 812 "shannon" 5.0171042140303 5.01828402262615 0.0434854791307075
300 812 "unique" 181.146 181 5.87479337485133
300 1324 "simpson" 0.992127111111111 0.992177777777778 0.000484803916348087
300 1324 "shannon" 5.03379368469214 5.03613458826458 0.0445574933160155
300 1324 "unique" 181.577 182 6.13234675117745
300 2348 "simpson" 0.991927555555556 0.991955555555556 0.000503205115462604
300 2348 "shannon" 5.02186141358161 5.023259284715 0.045992310498154
300 2348 "unique" 181.144 181 6.38717935086061
300 4396 "simpson" 0.991901 0.991911111111111 0.00055229248587403
300 4396 "shannon" 5.02146953634224 5.02185052542136 0.0489208242139242
300 4396 "unique" 181.143 181 6.56030400123265
350 351 "simpson" 0.99254746122449 0.992538775510204 2.67059906444123e-05
350 351 "shannon" 5.10617417910277 5.10657262702034 0.00286333705211322
350 351 "unique" 199.642 200 0.479652026021013
350 352 "simpson" 0.992816653061224 0.9928 4.231160287431e-05
350 352 "shannon" 5.16639762956271 5.16602238804372 0.00402332814183909
350 352 "unique" 211.255 211 0.678553929644085
350 354 "simpson" 0.99240426122449 0.992391836734694 5.96292154915105e-05
350 354 "shannon" 5.09503760480961 5.0951825356358 0.00588997724708006
350 354 "unique" 198.643 199 0.953131396744153
350 358 "simpson" 0.993118187755102 0.993110204081633 7.18650301495935e-05
350 358 "shannon" 5.16285568473085 5.16278346569542 0.00778732654955587
350 358 "unique" 206.209 206 1.33307767819288
350 366 "simpson" 0.992515885714286 0.99250612244898 0.000132206563320616
350 366 "shannon" 5.12939392809298 5.1294261156692 0.011061602830899
350 366 "unique" 203.615 204 1.83797528632816
350 382 "simpson" 0.992242367346939 0.992244897959184 0.000153947918203538
350 382 "shannon" 5.0678691462151 5.06838861935092 0.0146280139500416
350 382 "unique" 192.555 193 2.34957347097202
350 414 "simpson" 0.991562220408163 0.991575510204082 0.000257077978905252
350 414 "shannon" 5.02059669101294 5.02104044692206 0.0225154810850091
350 414 "unique" 189.621 190 3.38272106473499
350 478 "simpson" 0.992764391836735 0.992767346938775 0.000253921447809508
350 478 "shannon" 5.1300244699334 5.12945941323986 0.025714240111879
350 478 "unique" 202.127 202 4.28243040926648
350 606 "simpson" 0.992168097959184 0.992179591836735 0.000385063445764691
350 606 "shannon" 5.0907846694817 5.09024710045688 0.0351223174713451
350 606 "unique" 200.525 200 5.29938283750649
350 862 "simpson" 0.99228052244898 0.99229387755102 0.00043619059195673
350 862 "shannon" 5.09627348571753 5.0963834205304 0.0400083521211492
350 862 "unique" 200.493 200 6.02978517936661
350 1374 "simpson" 0.992516212244898 0.992538775510204 0.000457029048715483
350 1374 "shannon" 5.11840560581809 5.1195600277604 0.042907660670861
350 1374 "unique" 202.917 203 6.53703631960569
350 2398 "simpson" 0.992524359183673 0.992555102040816 0.000450066284527586
350 2398 "shannon" 5.11237300092463 5.11347143817028 0.0439397980152712
350 2398 "unique" 201.13 201 6.81171780826977
350 4446 "simpson" 0.992398530612245 0.992424489795918 0.000475775695522562
350 4446 "shannon" 5.09883709269651 5.0980761908527 0.0434787438547837
350 4446 "unique" 199.261 199 6.46116286945513
400 401 "simpson" 0.9932332625 0.993225 2.30335165929365e-05
400 401 "shannon" 5.20485226897862 5.20503664224179 0.00249527735965153
400 401 "unique" 220.675 221 0.468609213091887
400 402 "simpson" 0.9917555625 0.99175 4.53357770025686e-05
400 402 "shannon" 5.07794724321335 5.07768853290781 0.00375345710580349
400 402 "unique" 205.418 205 0.636931457600964
400 404 "simpson" 0.9923886875 0.992375 5.788109635334e-05
400 404 "shannon" 5.12517470338083 5.12511430587346 0.00535278953678622
400 404 "unique" 210.749 211 0.920242275624113
400 408 "simpson" 0.9931534375 0.99315 6.18590444893496e-05
400 408 "shannon" 5.18932326920187 5.18962001450673 0.00735682879083945
400 408 "unique" 219.398 220 1.3233848069807
400 416 "simpson" 0.992737125 0.9927375 0.000100755016988974
400 416 "shannon" 5.16146343944243 5.1620894192584 0.0100214349152211
400 416 "unique" 216.023 216 1.76226461593501
400 432 "simpson" 0.9927417125 0.9927375 0.000135023210453281
400 432 "shannon" 5.16500477972862 5.16527884547788 0.0139803432522396
400 432 "unique" 217.954 218 2.51200999086273
400 464 "simpson" 0.9926999125 0.9927 0.000197868138906051
400 464 "shannon" 5.16444367187444 5.16452200728514 0.0193514313204249
400 464 "unique" 218.049 218 3.41148607460695
400 528 "simpson" 0.992623725 0.992625 0.000280741210908736
400 528 "shannon" 5.15969446487414 5.15874885140743 0.0249407235641217
400 528 "unique" 216.674 217 4.18631690740792
400 656 "simpson" 0.9933514125 0.9933625 0.000268974107795554
400 656 "shannon" 5.2256856246021 5.22626478100967 0.0304454519865578
400 656 "unique" 226.514 226 5.47373417017722
400 912 "simpson" 0.9928121625 0.99283125 0.000365170274218647
400 912 "shannon" 5.17143204216107 5.17222000727421 0.0359749070815197
400 912 "unique" 217.634 218 6.12858903856376
400 1424 "simpson" 0.9927716625 0.992775 0.000394783401091696
400 1424 "shannon" 5.15776146968824 5.15684843020335 0.0416134850245152
400 1424 "unique" 215.31 215 6.99062005610152
400 2448 "simpson" 0.992736725 0.99275 0.000419081246258965
400 2448 "shannon" 5.15506417245824 5.1567692158953 0.0417914492471127
400 2448 "unique" 214.272 214 6.94407922162732
400 4496 "simpson" 0.9927411375 0.9927625 0.000454441282480998
400 4496 "shannon" 5.16058448835486 5.16092422768061 0.0442808211372421
400 4496 "unique" 216.082 216 7.14733239470226
450 451 "simpson" 0.993430597530864 0.993422222222222 1.7651375294506e-05
450 451 "shannon" 5.23239422486192 5.23237132184092 0.00228506578084988
450 451 "unique" 231.69 232 0.46272466339511
450 452 "simpson" 0.992088375308642 0.992079012345679 3.46490808387884e-05
450 452 "shannon" 5.10347903357824 5.10365937181429 0.00332189590878429
450 452 "unique" 213.484 214 0.610013209788214
450 454 "simpson" 0.993265254320988 0.993264197530864 3.89931356212432e-05
450 454 "shannon" 5.21194269227989 5.21210957570206 0.00447815698474171
450 454 "unique" 226.899 227 0.881803025951143
450 458 "simpson" 0.99331307654321 0.993313580246914 5.1890875852963e-05
450 458 "shannon" 5.21992815670663 5.21985788323953 0.00628263977062551
450 458 "unique" 229.661 230 1.2544531289182
450 466 "simpson" 0.993338143209877 0.993333333333333 6.8780979658225e-05
450 466 "shannon" 5.20676875940682 5.20716092186981 0.00854995817232725
450 466 "unique" 223.917 224 1.68729308596874
450 482 "simpson" 0.993127911111111 0.993125925925926 0.00011653476379473
450 482 "shannon" 5.22783864069349 5.22836319043571 0.0131407870577357
450 482 "unique" 235.559 236 2.51850389355703
450 514 "simpson" 0.992917758024691 0.992908641975309 0.000168340336376686
450 514 "shannon" 5.2081785733212 5.20822261737206 0.0170094262374701
450 514 "unique" 231.468 231 3.2322474260835
450 578 "simpson" 0.993541580246914 0.993540740740741 0.000188037101282024
450 578 "shannon" 5.25902280311236 5.25867691949949 0.0222250674340238
450 578 "unique" 236.911 237 4.3418810360178
450 706 "simpson" 0.992995328395062 0.993007407407407 0.000302223778038543
450 706 "shannon" 5.22757984503831 5.2270451508404 0.0288145474172834
450 706 "unique" 235.206 235 5.39376090095368
450 962 "simpson" 0.992923901234568 0.992938271604938 0.000313930908171813
450 962 "shannon" 5.17917578608691 5.17978792368162 0.0340053608279068
450 962 "unique" 222.688 223 6.11735875015337
450 1474 "simpson" 0.993278795061728 0.993293827160494 0.00034236052418692
450 1474 "shannon" 5.23126006615517 5.23168821944931 0.0380483693195223
450 1474 "unique" 232.873 233 6.8604618603223
450 2498 "simpson" 0.99307470617284 0.993096296296296 0.000387149906627726
450 2498 "shannon" 5.21746378985369 5.21828266413936 0.0396527867461149
450 2498 "unique" 231.657 232 7.26967669151794
450 4546 "simpson" 0.993016227160494 0.993037037037037 0.000398049914569701
450 4546 "shannon" 5.20918197502892 5.20765994692622 0.0418081876593942
450 4546 "unique" 230.512 230 7.62758389242859
500 501 "simpson" 0.993441992 0.993432 1.93872071170798e-05
500 501 "shannon" 5.27967808904512 5.2794442473209 0.00215159978174948
500 501 "unique" 248.719 249 0.449712398362819
500 502 "simpson" 0.99277708 0.992768 3.47900553024555e-05
500 502 "shannon" 5.24648075885094 5.24658048016845 0.00326506028711011
500 502 "unique" 250.437 251 0.643774374641802
500 504 "simpson" 0.99240172 0.992392 4.90252697807706e-05
500 504 "shannon" 5.18235940882252 5.18263284360615 0.00441558859773378
500 504 "unique" 235.974 236 0.85793942680125
500 508 "simpson" 0.992900904 0.992896 5.61029975164467e-05
500 508 "shannon" 5.21237814342124 5.21234668328583 0.00608546627638968
500 508 "unique" 239.901 240 1.18937530393632
500 516 "simpson" 0.993480872 0.99348 7.21973134407893e-05
500 516 "shannon" 5.27578791651332 5.27565375713269 0.00822168371674881
500 516 "unique" 246.959 247 1.70769881279904
500 532 "simpson" 0.993075176 0.993072 0.000114431322423326
500 532 "shannon" 5.23872373084504 5.23896483514493 0.012124361676116
500 532 "unique" 243.498 244 2.44539894004556
500 564 "simpson" 0.993129856 0.993128 0.000163905913293
500 564 "shannon" 5.26480068425951 5.26413677087443 0.016156842022716
500 564 "unique" 249.383 249 3.24974950909634
500 628 "simpson" 0.99348796 0.993488 0.000176594677383209
500 628 "shannon" 5.27400810396645 5.27378253009013 0.0209123090460051
500 628 "unique" 248.725 249 4.25058142404571
500 756 "simpson" 0.993348896 0.993344 0.000240384804091354
500 756 "shannon" 5.25842449638048 5.2590806003132 0.0264423330667737
500 756 "unique" 244.248 244 5.35342461935864
500 1012 "simpson" 0.992861552 0.992872 0.000353393942470122
500 1012 "shannon" 5.23386935641665 5.23423244783691 0.0332036906884479
500 1012 "unique" 244.659 245 6.22313799031055
500 1524 "simpson" 0.993468536 0.993496 0.00031618441025023
500 1524 "shannon" 5.27619170010711 5.27584602180615 0.0353746673712843
500 1524 "unique" 247.116 247 7.15288107741962
500 2548 "simpson" 0.993272456 0.993312 0.000372314848495745
500 2548 "shannon" 5.2549093489443 5.25572831251885 0.038134804607822
500 2548 "unique" 244.287 244 7.11570546497425
500 4596 "simpson" 0.993249512 0.993272 0.000383093631618415
500 4596 "shannon" 5.25497004612925 5.25557432573443 0.0406206798841636
500 4596 "unique" 244.914 245 7.68737274364265
550 551 "simpson" 0.993939596694215 0.993937190082645 1.46866749906052e-05
550 551 "shannon" 5.3495143425573 5.35011226609323 0.00195858601390042
550 551 "unique" 270.723 271 0.447740406342193
550 552 "simpson" 0.993441137190083 0.993434710743802 2.51254089691976e-05
550 552 "shannon" 5.31928186547029 5.31935521802978 0.00282168304386493
550 552 "unique" 267.432 268 0.632278242371008
550 554 "simpson" 0.993677414876033 0.993672727272727 3.11857105854563e-05
550 554 "shannon" 5.30931994771578 5.30953370824351 0.00379676514374358
550 554 "unique" 258.951 259 0.869111243946567
550 558 "simpson" 0.993313633057851 0.993309090909091 5.34779406550464e-05
550 558 "shannon" 5.29294525543486 5.29291666165253 0.00579754296286888
550 558 "unique" 262.82 263 1.27012330630267
550 566 "simpson" 0.993013930578512 0.993011570247934 7.18393930356648e-05
550 566 "shannon" 5.25367560900555 5.25374870802619 0.00784314897681125
550 566 "unique" 254.953 255 1.7168979989326
550 582 "simpson" 0.993644125619835 0.993639669421488 9.35657494231366e-05
550 582 "shannon" 5.32421163807124 5.32442214346678 0.0108069548545063
550 582 "unique" 265.778 266 2.4092572549482
550 614 "simpson" 0.993903748760331 0.993897520661157 0.000124602020168115
550 614 "shannon" 5.360696542202 5.3601238640208 0.0152628590522865
550 614 "unique" 272.979 273 3.46678202048782
550 678 "simpson" 0.993655636363636 0.993652892561983 0.000155603930936935
550 678 "shannon" 5.31051579815925 5.31111601586618 0.0186291020315307
550 678 "unique" 260.891 261 4.19388932945395
550 806 "simpson" 0.993395451239669 0.993395041322314 0.000226996971070241
550 806 "shannon" 5.2805823208888 5.28046978005782 0.024588840965285
550 806 "unique" 254.435 254 5.02703153422037
550 1062 "simpson" 0.993127299173554 0.993123966942149 0.000318447285860007
550 1062 "shannon" 5.27816910663893 5.27819718135183 0.0309393416558814
550 1062 "unique" 258.182 258 6.34563969534538
550 1574 "simpson" 0.993850631404959 0.993851239669421 0.000268717138625447
550 1574 "shannon" 5.33369045162435 5.33320948933334 0.0324818977856698
550 1574 "unique" 263.763 264 6.93389572389937
550 2598 "simpson" 0.993466459504132 0.993480991735537 0.000358357146674083
550 2598 "shannon" 5.29551681080113 5.29536348233434 0.0379494255638042
550 2598 "unique" 257.747 258 7.54413049362913
550 4646 "simpson" 0.993469957024793 0.993487603305785 0.000357384533687898
550 4646 "shannon" 5.29405224505777 5.29538641483727 0.0397053063348603
550 4646 "unique" 257.961 257 8.07072584193117
600 601 "simpson" 0.99357175 0.993566666666667 1.75292795013785e-05
600 601 "shannon" 5.32645232004353 5.32675330889206 0.00181845495628186
600 601 "unique" 268.772 269 0.419752536850217
600 602 "simpson" 0.9932845 0.993277777777778 3.01505243046361e-05
600 602 "shannon" 5.34994075839348 5.3498774747983 0.00285134930757545
600 602 "unique" 285.457 286 0.63130780887737
600 604 "simpson" 0.99291725 0.992911111111111 3.50122080528665e-05
600 604 "shannon" 5.23358731939882 5.23376051856408 0.0036122234481854
600 604 "unique" 252.201 252 0.797015830604529
600 608 "simpson" 0.993648516666667 0.993644444444444 4.30818367269449e-05
600 608 "shannon" 5.33120627324032 5.3313322899345 0.00498739455097981
600 608 "unique" 271.192 271 1.14212102705468
600 616 "simpson" 0.993773388888889 0.993766666666667 5.53164412639301e-05
600 616 "shannon" 5.33927627050377 5.3391440070424 0.00716930561829403
600 616 "unique" 274.134 274 1.67596326118828
600 632 "simpson" 0.993226655555556 0.993222222222222 9.97836851437018e-05
600 632 "shannon" 5.28368481512768 5.28348891786424 0.0103260891282926
600 632 "unique" 262.186 262 2.24197021176252
600 664 "simpson" 0.993335861111111 0.993333333333333 0.000128314504201714
600 664 "shannon" 5.29373025944355 5.29361745447735 0.0137287812676709
600 664 "unique" 264.279 264 3.10270620358838
600 728 "simpson" 0.993251738888889 0.993244444444444 0.000174352235798841
600 728 "shannon" 5.2911962354788 5.29113858474393 0.0184795479959785
600 728 "unique" 266.136 266 4.11368769189233
600 856 "simpson" 0.993093027777778 0.9931 0.000222107353736862
600 856 "shannon" 5.2697581071708 5.26965608780703 0.0230377359051617
600 856 "unique" 261.172 261 4.98410044614447
600 1112 "simpson" 0.99351925 0.993516666666667 0.000250085365558662
600 1112 "shannon" 5.3094529154512 5.30913449961496 0.0290746834347291
600 1112 "unique" 267.63 268 6.32764878443322
600 1624 "simpson" 0.993818738888889 0.993827777777778 0.000265577235521584
600 1624 "shannon" 5.33720112408864 5.33651098868238 0.0328478315181759
600 1624 "unique" 269.96 270 7.21584842332961
600 2648 "simpson" 0.993746238888889 0.993766666666667 0.000301326107516789
600 2648 "shannon" 5.33752948999327 5.33711998002293 0.0355475108109441
600 2648 "unique" 271.631 272 7.69688775292202
600 4696 "simpson" 0.993597377777778 0.993622222222222 0.000348592157534796
600 4696 "shannon" 5.32440548567264 5.32452686054846 0.0393452732718532
600 4696 "unique" 269.65 269 8.26921277268156
650 651 "simpson" 0.994110731360947 0.99410650887574 1.26040118151464e-05
650 651 "shannon" 5.38773505532279 5.38792434066407 0.00159491016438044
650 651 "unique" 283.808 284 0.394070160366519
650 652 "simpson" 0.993661476923077 0.993659171597633 1.88320624874738e-05
650 652 "shannon" 5.33680226910144 5.33695048464128 0.00238147057200812
650 652 "unique" 277.554 278 0.594506044912439
650 654 "simpson" 0.99407515739645 0.994073372781065 2.72368253947487e-05
650 654 "shannon" 5.41566055631152 5.4158087128181 0.00348084005807959
650 654 "unique" 299.973 300 0.887162926444768
650 658 "simpson" 0.993880426035503 0.993879289940828 3.75964927417117e-05
650 658 "shannon" 5.35196007272868 5.35220885949575 0.0046421343735055
650 658 "unique" 277.348 277 1.12701648886171
650 666 "simpson" 0.9935 0.993495857988166 6.40003093664239e-05
650 666 "shannon" 5.33810934753777 5.33823338463773 0.00669836869078522
650 666 "unique" 278.724 279 1.58692858766308
650 682 "simpson" 0.993473732544379 0.993472189349112 8.79473758321965e-05
650 682 "shannon" 5.34329143599805 5.34409668068055 0.0101985695950939
650 682 "unique" 286.662 287 2.34462219840495
650 714 "simpson" 0.993623943195266 0.993618934911243 0.000122532859625422
650 714 "shannon" 5.35489206655238 5.35533156925864 0.013509416197597
650 714 "unique" 283.475 284 3.13802839729378
650 778 "simpson" 0.993854546745562 0.993850887573965 0.000142840030708213
650 778 "shannon" 5.36561398338864 5.36580576615472 0.0161317909838709
650 778 "unique" 280.529 281 4.04988401816157
650 906 "simpson" 0.993901055621302 0.993907692307692 0.000175162105143087
650 906 "shannon" 5.35710144075963 5.35735034779653 0.0214706164759409
650 906 "unique" 278.038 278 5.05193805168651
650 1162 "simpson" 0.99343474556213 0.993439053254438 0.000268449863905398
650 1162 "shannon" 5.33320560655371 5.33374487366693 0.0284825409667706
650 1162 "unique" 280.673 281 6.44652066068421
650 1674 "simpson" 0.993822986982249 0.993827218934911 0.00026483744726757
650 1674 "shannon" 5.35416618581924 5.35441449664642 0.031882283926009
650 1674 "unique" 279.635 280 7.19830470253868
650 2698 "simpson" 0.993805315976331 0.993820118343195 0.000299417870686465
650 2698 "shannon" 5.36351025240172 5.36428897192295 0.0358070031472676
650 2698 "unique" 283.766 284 8.19648866444812
650 4746 "simpson" 0.993707853254438 0.993727810650888 0.000327069805802734
650 4746 "shannon" 5.35051863419897 5.35038389865551 0.0376745924059692
650 4746 "unique" 280.842 281 8.25913126480317
700 701 "simpson" 0.993996216326531 0.993991836734694 1.11505050633336e-05
700 701 "shannon" 5.35706603269613 5.35715879404968 0.00149112469838245
700 701 "unique" 279.813 280 0.390106630529635
700 702 "simpson" 0.993985289795918 0.993983673469388 1.86893097307414e-05
700 702 "shannon" 5.41788124564925 5.41795694469262 0.0022554124083022
700 702 "unique" 306.542 307 0.585302125896171
700 704 "simpson" 0.993697310204082 0.99369387755102 2.68641632279839e-05
700 704 "shannon" 5.3523794801189 5.35246392116932 0.00306025235864498
700 704 "unique" 284.233 284 0.770262490521447
700 708 "simpson" 0.994305391836735 0.99430612244898 2.9045512434165e-05
700 708 "shannon" 5.40898393022557 5.40947817113345 0.00423433225281569
700 708 "unique" 293.392 293 1.11963815118529
700 716 "simpson" 0.99404093877551 0.994040816326531 4.51310017571766e-05
700 716 "shannon" 5.37528580467054 5.37567220963973 0.00582213124848505
700 716 "unique" 284.985 285 1.49900701199895
700 732 "simpson" 0.993676967346939 0.993673469387755 6.63833434629039e-05
700 732 "shannon" 5.32603250097512 5.32596135235814 0.00856100352867154
700 732 "unique" 277.846 278 2.19296445322151
700 764 "simpson" 0.993154910204082 0.993157142857143 0.000117588908701709
700 764 "shannon" 5.31552419940805 5.3154414266143 0.012948336934939
700 764 "unique" 288.096 288 3.17472248596046
700 828 "simpson" 0.993639183673469 0.993640816326531 0.000151690360275911
700 828 "shannon" 5.3575358697828 5.35793044365704 0.0167232116872832
700 828 "unique" 287.717 288 4.02456309530712
700 956 "simpson" 0.993723624489796 0.993726530612245 0.000176885506052683
700 956 "shannon" 5.37382346637268 5.37450439887758 0.0204669190187777
700 956 "unique" 294.466 294.5 5.04720896321109
700 1212 "simpson" 0.993620351020408 0.993620408163265 0.00022086762292161
700 1212 "shannon" 5.34538685816571 5.34634004890563 0.0260834914470282
700 1212 "unique" 285.434 286 6.31835149113799
700 1724 "simpson" 0.993920685714286 0.993930612244898 0.000263563730972732
700 1724 "shannon" 5.38886682392604 5.3893824278558 0.0313139600244875
700 1724 "unique" 293.892 294 7.33390224383459
700 2748 "simpson" 0.993841367346939 0.99385306122449 0.000273200139764202
700 2748 "shannon" 5.37714905749722 5.37721363995496 0.0333740152471582
700 2748 "unique" 292.478 293 7.88934457085998
750 751 "simpson" 0.993673984 0.993671111111111 1.42271756472293e-05
750 751 "shannon" 5.39846579624717 5.39891442683309 0.00155997481916776
750 751 "unique" 308.79 309 0.407512044074851
750 752 "simpson" 0.993951534222222 0.993948444444444 1.82840907983379e-05
750 752 "shannon" 5.41328992430637 5.41348180093995 0.0021188584630485
750 752 "unique" 303.621 304 0.565401343011026
750 754 "simpson" 0.993696401777778 0.993692444444444 2.44950923069796e-05
750 754 "shannon" 5.35549183695867 5.3555594963975 0.00296235355234551
750 754 "unique" 291.265 291 0.76115330542168
750 758 "simpson" 0.994391882666667 0.994389333333333 2.95260729667283e-05
750 758 "shannon" 5.45712952176991 5.4571813943432 0.00381401202605596
750 758 "unique" 310.469 311 1.07526517436175
750 766 "simpson" 0.993810908444444 0.993809777777778 4.74587477757707e-05
750 766 "shannon" 5.36454353159167 5.36459917163007 0.00595264153069291
750 766 "unique" 292.031 292 1.55578258746505
750 782 "simpson" 0.994246752 0.994243555555556 6.05182822736528e-05
750 782 "shannon" 5.43975833469997 5.43965378513912 0.00785063483811763
750 782 "unique" 310.595 311 2.22169100257234
750 814 "simpson" 0.993627768888889 0.993632 9.9593802335965e-05
750 814 "shannon" 5.3543632615653 5.35510498610059 0.0116681109806182
750 814 "unique" 291.701 292 2.95708358747997
750 878 "simpson" 0.994055608888889 0.994055111111111 0.000128850884827738
750 878 "shannon" 5.41989943347543 5.41960754187238 0.0161313477064212
750 878 "unique" 308.165 308 4.20421817350746
750 1006 "simpson" 0.994027128888889 0.994026666666667 0.000169911319236106
750 1006 "shannon" 5.42314180754881 5.42308277313697 0.0201631314530612
750 1006 "unique" 309.072 309 5.21728243782489
750 1262 "simpson" 0.993834133333333 0.993827555555556 0.000211332432442207
750 1262 "shannon" 5.38387630845364 5.38382771802149 0.0264191548227519
750 1262 "unique" 299.675 300 6.67052253357043
750 1774 "simpson" 0.993891406222222 0.993895111111111 0.000241708894804585
750 1774 "shannon" 5.38915021155632 5.38897914914395 0.0292570908997743
750 1774 "unique" 298.957 299 7.25298261108882
750 2798 "simpson" 0.993901966222222 0.993930666666667 0.000288223913439538
750 2798 "shannon" 5.40525776198923 5.40615733719351 0.0331186642178013
750 2798 "unique" 304.501 304 8.05660647592445
800 801 "simpson" 0.9941050625 0.994103125 1.07916731886415e-05
800 801 "shannon" 5.42851150447334 5.42888899932748 0.00134992392822323
800 801 "unique" 310.834 311 0.37226681638656
800 802 "simpson" 0.994303234375 0.9943 1.46987652605555e-05
800 802 "shannon" 5.44382794616486 5.44418044996194 0.00197742206139853
800 802 "unique" 311.608 312 0.562718981955158
800 804 "simpson" 0.994291815625 0.9942890625 2.01477468513838e-05
800 804 "shannon" 5.44325458282148 5.44335423953086 0.00272353706951936
800 804 "unique" 315.218 315 0.793161462191082
800 808 "simpson" 0.994017425 0.9940125 3.74308860097856e-05
800 808 "shannon" 5.43935899144161 5.43962049590199 0.00408120023521446
800 808 "unique" 317.418 318 1.12005827104241
800 816 "simpson" 0.99421229375 0.994209375 3.88698193338049e-05
800 816 "shannon" 5.40790485184964 5.40817076240806 0.00543370825562831
800 816 "unique" 302.2 302 1.53047128112302
800 832 "simpson" 0.99375759375 0.99375625 6.5926403106523e-05
800 832 "shannon" 5.39929803085995 5.39954372390659 0.00807710831610639
800 832 "unique" 312.724 313 2.23580473718587
800 864 "simpson" 0.99411340625 0.9941140625 8.15711953731347e-05
800 864 "shannon" 5.42474843736051 5.42500576249922 0.0107562787692018
800 864 "unique" 313.978 314 2.96788212776793
800 928 "simpson" 0.993649315625 0.99365 0.000143116348859224
800 928 "shannon" 5.38621792516281 5.38639892508963 0.0145166254516497
800 928 "unique" 305.65 306 3.71716522599109
800 1056 "simpson" 0.9937299125 0.99373125 0.000169258562907072
800 1056 "shannon" 5.39134715194038 5.39097407335693 0.0198796587018176
800 1056 "unique" 307.424 307 5.10531960686973
800 1312 "simpson" 0.9939667125 0.993965625 0.000211990075928785
800 1312 "shannon" 5.42095399617103 5.42131464044994 0.0234519550917513
800 1312 "unique" 310.565 311 6.23736159603399
800 1824 "simpson" 0.994224196875 0.99423125 0.000236489335963345
800 1824 "shannon" 5.45802427935663 5.45830649387172 0.0289622993550968
800 1824 "unique" 321.009 321 7.6380140257961
800 2848 "simpson" 0.99419278125 0.9942 0.000240743573559914
800 2848 "shannon" 5.44475185014635 5.44521315423295 0.0309147744795549
800 2848 "unique" 317.05 317 8.14615614015959
850 851 "simpson" 0.994471446366782 0.994469204152249 1.0659678452168e-05
850 851 "shannon" 5.48788246451693 5.48825740101246 0.00137096706073061
850 851 "unique" 330.787 331 0.409632516774244
850 852 "simpson" 0.993942098269896 0.993940484429066 1.48379493877738e-05
850 852 "shannon" 5.39382910366854 5.39405069724074 0.00180572093567595
850 852 "unique" 304.691 305 0.503758645357843
850 854 "simpson" 0.993957683044983 0.993954325259516 2.00664700066517e-05
850 854 "shannon" 5.42048938155907 5.4205787361166 0.00263494653038764
850 854 "unique" 319.3 319 0.760643529242569
850 858 "simpson" 0.994345857439446 0.994344636678201 2.82389014027299e-05
850 858 "shannon" 5.47652927972745 5.47661171181815 0.00372214080284067
850 858 "unique" 330.506 331 1.0895646612988
850 866 "simpson" 0.99362265467128 0.99361937716263 5.00953667130784e-05
850 866 "shannon" 5.40085924881525 5.40115722164865 0.00545943975724534
850 866 "unique" 316.29 316 1.49537157126118
850 882 "simpson" 0.994196550865052 0.994195155709343 6.01458268554432e-05
850 882 "shannon" 5.4548715270719 5.45501847848285 0.00761262146104151
850 882 "unique" 326.132 326 2.13333708708377
850 914 "simpson" 0.993974029065744 0.993970934256055 8.0050766155453e-05
850 914 "shannon" 5.41493611113292 5.41484922178272 0.0105891254571511
850 914 "unique" 318.856 319 2.97457763591946
850 978 "simpson" 0.994155147404844 0.994159169550173 0.000102053876933766
850 978 "shannon" 5.4257841277188 5.42584002791292 0.0134694074471795
850 978 "unique" 312.273 312 3.78824785643996
850 1106 "simpson" 0.994256442906574 0.994258823529412 0.000138084513074525
850 1106 "shannon" 5.46445519361437 5.46528502178956 0.0187255721344025
850 1106 "unique" 329.399 329 5.2924293862846
850 1362 "simpson" 0.993922485813149 0.993918339100346 0.000181110184560165
850 1362 "shannon" 5.4139349246643 5.41336044171939 0.0226042895196974
850 1362 "unique" 318.8 319 6.17301434520495
850 1874 "simpson" 0.994051321799308 0.994062283737024 0.000217067494651475
850 1874 "shannon" 5.42301411999238 5.42293142553147 0.0265635423130763
850 1874 "unique" 315.104 315 7.27475814760231
850 2898 "simpson" 0.994137278892734 0.994149480968858 0.000242439488442609
850 2898 "shannon" 5.43824294079131 5.43879703756261 0.0300276049820803
850 2898 "unique" 318.879 319 8.18616957876957
900 901 "simpson" 0.994197819753086 0.994195061728395 9.3539724320716e-06
900 901 "shannon" 5.43582447206037 5.43604747544802 0.00125358054058838
900 901 "unique" 320.823 321 0.381859682104328
900 902 "simpson" 0.994446795061728 0.994444444444444 1.20830443700107e-05
900 902 "shannon" 5.463349648151 5.46363881230749 0.00164213604454131
900 902 "unique" 320.702 321 0.495420469340382
900 904 "simpson" 0.994743113580247 0.994740740740741 1.64630330808891e-05
900 904 "shannon" 5.52765870749614 5.52781601212798 0.00251113077357184
900 904 "unique" 346.25 346 0.796325394630947
900 908 "simpson" 0.994320022222222 0.994318518518518 2.66197975575496e-05
900 908 "shannon" 5.4754114104649 5.47551223013684 0.00342896006299404
900 908 "unique" 332.722 333 1.02164561358611
900 916 "simpson" 0.993899530864197 0.993896296296296 4.01447041362355e-05
900 916 "shannon" 5.4208262922663 5.4208250887516 0.00493650216759997
900 916 "unique" 325.321 325 1.42828533528809
900 932 "simpson" 0.994130869135802 0.994128395061728 5.89844795339445e-05
900 932 "shannon" 5.48908156755073 5.48887913817088 0.00718696742031816
900 932 "unique" 348.678 349 2.14590794791411
900 964 "simpson" 0.994551997530864 0.994553086419753 6.94422434541546e-05
900 964 "shannon" 5.5058196433618 5.50594104704826 0.00957346377177811
900 964 "unique" 338.56 339 2.89564928552903
900 1028 "simpson" 0.993952861728395 0.993950617283951 0.000113272671957144
900 1028 "shannon" 5.43775682448534 5.43816941179792 0.0134465495714255
900 1028 "unique" 328.134 328 3.95267854342691
900 1156 "simpson" 0.994268491358025 0.994271604938272 0.000130944240983363
900 1156 "shannon" 5.45912889799942 5.45874046123258 0.0166380925788236
900 1156 "unique" 326.713 327 4.85677045156751
900 1412 "simpson" 0.994105209876543 0.994103703703704 0.000182537035683112
900 1412 "shannon" 5.45495545890727 5.45459215601269 0.0222571856635936
900 1412 "unique" 331.786 332 6.29267842828485
900 1924 "simpson" 0.994236508641975 0.994251851851852 0.00020950919098249
900 1924 "shannon" 5.46884683885327 5.46856767641526 0.0255863692188332
900 1924 "unique" 331.566 332 7.24321117378944
900 2948 "simpson" 0.994092555555556 0.994098765432099 0.000249574189365065
900 2948 "shannon" 5.45818839543598 5.45856817293026 0.029918318491618
900 2948 "unique" 333.468 334 8.1200314599705
950 951 "simpson" 0.994245868144044 0.994242659279778 8.92982227725257e-06
950 951 "shannon" 5.4581518419471 5.45831585891767 0.0012296213199302
950 951 "unique" 334.819 335 0.385210834981815
950 952 "simpson" 0.994014940720222 0.994009972299169 1.48069198081462e-05
950 952 "shannon" 5.47536189110093 5.475457659156 0.00176966834586873
950 952 "unique" 346.648 347 0.531392866322439
950 954 "simpson" 0.993994313573407 0.993990027700831 2.08765213530733e-05
950 954 "shannon" 5.4610629036877 5.46117141959879 0.00260049848617549
950 954 "unique" 343.263 343 0.796533405115859
950 958 "simpson" 0.994163235457064 0.994162880886427 2.54850201266393e-05
950 958 "shannon" 5.46473822875498 5.4648179991723 0.00342338399102153
950 958 "unique" 340.662 341 1.04443613823289
950 966 "simpson" 0.994205974515235 0.994204986149585 3.97427109434125e-05
950 966 "shannon" 5.47467130761105 5.47472082710051 0.00442103890355318
950 966 "unique" 334.736 335 1.3099694729344
950 982 "simpson" 0.994370227146814 0.994368975069252 4.83384791631583e-05
950 982 "shannon" 5.47721718890511 5.47758708166752 0.00629049450714407
950 982 "unique" 333.35 334 1.93733147738152
950 1014 "simpson" 0.99408007534626 0.994078670360111 7.83306444087845e-05
950 1014 "shannon" 5.4670473142083 5.46675346759975 0.00904775993868966
950 1014 "unique" 338.116 338 2.72910094939558
950 1078 "simpson" 0.99416475567867 0.994165096952909 0.000103882562865208
950 1078 "shannon" 5.45410346484816 5.45444478821887 0.0126688733987224
950 1078 "unique" 331.843 332 3.68726822281035
950 1206 "simpson" 0.994037236565097 0.994037673130194 0.00013500830543854
950 1206 "shannon" 5.45013904719932 5.45060091273994 0.0172792045113108
950 1206 "unique" 335.013 335 5.03529395221224
950 1462 "simpson" 0.993691807202216 0.99369972299169 0.000184482350275141
950 1462 "shannon" 5.38484079260123 5.38504333162176 0.0212899971755543
950 1462 "unique" 314.653 314.5 5.97061464501262
950 1974 "simpson" 0.994065894736842 0.994079778393352 0.000229231525369205
950 1974 "shannon" 5.46753378036951 5.46723416521532 0.0275653560347093
950 1974 "unique" 341.889 342 7.7491114153642
950 2998 "simpson" 0.994170772299169 0.994176177285319 0.000230709706930633
950 2998 "shannon" 5.46724309900817 5.46680411770171 0.0291670384504922
950 2998 "unique" 339.477 339 8.22429997690443
1000 1001 "simpson" 0.99388586 0.993884 9.49518607286831e-06
1000 1001 "shannon" 5.43632512555493 5.4366664808691 0.00118552521550127
1000 1001 "unique" 336.835 337 0.371366278642679
1000 1002 "simpson" 0.994401806 0.9944 1.16298588821125e-05
1000 1002 "shannon" 5.50585714669641 5.50603323318559 0.00156006995925895
1000 1002 "unique" 351.697 352 0.503432661280981
1000 1004 "simpson" 0.99472109 0.99472 1.41574126284481e-05
1000 1004 "shannon" 5.52297846617121 5.52311816773384 0.00213837138565431
1000 1004 "unique" 352.374 353 0.720168482122511
1000 1008 "simpson" 0.994097814 0.994096 2.75405135007304e-05
1000 1008 "shannon" 5.4761445454226 5.47614833929698 0.0031252130902063
1000 1008 "unique" 343.773 344 1.0012359729222
1000 1016 "simpson" 0.994358884 0.994358 3.43235874094285e-05
1000 1016 "shannon" 5.48982451817996 5.49005267242402 0.0045341171946657
1000 1016 "unique" 343.736 344 1.44927720067778
1000 1032 "simpson" 0.99454726 0.994548 4.61663051123616e-05
1000 1032 "shannon" 5.51789350137749 5.51800363532589 0.00631068701493883
1000 1032 "unique" 352.854 353 2.05204651382343
1000 1064 "simpson" 0.994270076 0.99427 6.27741253608107e-05
1000 1064 "shannon" 5.47280398031067 5.47297949867679 0.008386016532918
1000 1064 "unique" 342.506 343 2.65084722135979
1000 1128 "simpson" 0.99426776 0.994266 9.9838981476285e-05
1000 1128 "shannon" 5.50256122190317 5.50256999203909 0.0118033019113421
1000 1128 "unique" 351.353 352 3.71890053930208
1000 1256 "simpson" 0.994133566 0.994132 0.000131298526065401
1000 1256 "shannon" 5.4665878670429 5.46627412050899 0.0157871374594837
1000 1256 "unique" 339.42 339 4.88830190306364
1000 1512 "simpson" 0.994360856 0.994365 0.000163638347500739
1000 1512 "shannon" 5.5063621476882 5.50688757179858 0.020721810902695
1000 1512 "unique" 352.837 353 6.31714629697123
1000 2024 "simpson" 0.994256058 0.994272 0.000197340842311075
1000 2024 "shannon" 5.4840849944909 5.4844459410586 0.0236010376044473
1000 2024 "unique" 344.876 345 7.06360520686983
1000 3048 "simpson" 0.994144858 0.99415 0.000226469946068947
1000 3048 "shannon" 5.46579500780932 5.46564362733276 0.0280202469734168
1000 3048 "unique" 340.61 341 8.03482784249036
